200567|7480|20221110165047|001|00000001364|00001|S|000049384003|000000010000|00000000000003680000|00000000000003390000
200567|7480|20221110155806|001|00000001363|00002|S|000008984945|000000010000|00000000000001200000|00000000000001100000
200567|7480|20221110201015|001|00000001366|00003|S|000002742293|000000010000|00000000000001560000|00000000000008590000
200567|7480|20221110165347|001|00000001365|00004|S|000047266161|000000020000|00000000000003210000|00000000000001430000
200567|7480|20221110134348|001|00000001360|00005|S|000060897934|000000020000|00000000000007960000|00000000000003120000
200567|7480|20221110103905|001|00000001359|00006|S|000025933330|000000020000|00000000000009110000|00000000000005460000
200567|7480|20221110150204|001|00000001362|00007|S|000018639278|000000020000|00000000000001990000|00000000000007680000
200567|7480|20221110134515|001|00000001361|00008|S|000077207700|000000010000|00000000000001280000|00000000000006760000
200567|7480|20221110165047|001|00000001364|00001|S|000012969228|000000010000|00000000000009070000|00000000000009480000
200567|7480|20221110155806|001|00000001363|00002|S|000052452751|000000010000|00000000000002950000|00000000000006030000
200567|7480|20221110201015|001|00000001366|00003|S|000086669937|000000010000|00000000000009400000|00000000000000990000
200567|7480|20221110165347|001|00000001365|00004|S|000032590925|000000020000|00000000000007660000|00000000000005530000
200567|7480|20221110134348|001|00000001360|00005|S|000071391127|000000020000|00000000000006500000|00000000000001630000
200567|7480|20221110103905|001|00000001359|00006|S|000021138324|000000020000|00000000000000410000|00000000000006540000
200567|7480|20221110150204|001|00000001362|00007|S|000031730426|000000020000|00000000000006520000|00000000000002150000
200567|7480|20221110134515|001|00000001361|00008|S|000081541385|000000010000|00000000000009720000|00000000000007540000
